12201,Test 12200,Test,#FFF,Test,12210,Red,12300
12202,Test 12201,Test,#FFF,Test,12211,Red,12301
12203,Test 12202,Test,#FFF,Test,12212,Red,12302
12204,Test 12203,Test,#FFF,Test,12213,Red,12303
12205,Test 12204,Test,#FFF,Test,12214,Red,12304
12206,Test 12205,Test,#FFF,Test,12215,Red,12305
12207,Test 12206,Test,#FFF,Test,12216,Red,12306
12208,Test 12207,Test,#FFF,Test,12217,Red,12307
12209,Test 12208,Test,#FFF,Test,12218,Red,12308
12210,Test 12209,Test,#FFF,Test,12219,Red,12309
12211,Test 12210,Test,#FFF,Test,12220,Red,12310
12212,Test 12211,Test,#FFF,Test,12221,Red,12311
12213,Test 12212,Test,#FFF,Test,12222,Red,12312
12214,Test 12213,Test,#FFF,Test,12223,Red,12313
12215,Test 12214,Test,#FFF,Test,12224,Red,12314
12216,Test 12215,Test,#FFF,Test,12225,Red,12315
12217,Test 12216,Test,#FFF,Test,12226,Red,12316
12218,Test 12217,Test,#FFF,Test,12227,Red,12317
12219,Test 12218,Test,#FFF,Test,12228,Red,12318
12220,Test 12219,Test,#FFF,Test,12229,Red,12319
12221,Test 12220,Test,#FFF,Test,12230,Red,12320
12222,Test 12221,Test,#FFF,Test,12231,Red,12321
12223,Test 12222,Test,#FFF,Test,12232,Red,12322
12224,Test 12223,Test,#FFF,Test,12233,Red,12323
12225,Test 12224,Test,#FFF,Test,12234,Red,12324
12226,Test 12225,Test,#FFF,Test,12235,Red,12325
12227,Test 12226,Test,#FFF,Test,12236,Red,12326
12228,Test 12227,Test,#FFF,Test,12237,Red,12327
12229,Test 12228,Test,#FFF,Test,12238,Red,12328
12230,Test 12229,Test,#FFF,Test,12239,Red,12329
12231,Test 12230,Test,#FFF,Test,12240,Red,12330
12232,Test 12231,Test,#FFF,Test,12241,Red,12331
12233,Test 12232,Test,#FFF,Test,12242,Red,12332
12234,Test 12233,Test,#FFF,Test,12243,Red,12333
12235,Test 12234,Test,#FFF,Test,12244,Red,12334
12236,Test 12235,Test,#FFF,Test,12245,Red,12335
12237,Test 12236,Test,#FFF,Test,12246,Red,12336
12238,Test 12237,Test,#FFF,Test,12247,Red,12337
12239,Test 12238,Test,#FFF,Test,12248,Red,12338
12240,Test 12239,Test,#FFF,Test,12249,Red,12339
12241,Test 12240,Test,#FFF,Test,12250,Red,12340
12242,Test 12241,Test,#FFF,Test,12251,Red,12341
12243,Test 12242,Test,#FFF,Test,12252,Red,12342
12244,Test 12243,Test,#FFF,Test,12253,Red,12343
12245,Test 12244,Test,#FFF,Test,12254,Red,12344
12246,Test 12245,Test,#FFF,Test,12255,Red,12345
12247,Test 12246,Test,#FFF,Test,12256,Red,12346
12248,Test 12247,Test,#FFF,Test,12257,Red,12347
12249,Test 12248,Test,#FFF,Test,12258,Red,12348
12250,Test 12249,Test,#FFF,Test,12259,Red,12349
12251,Test 12250,Test,#FFF,Test,12260,Red,12350
12252,Test 12251,Test,#FFF,Test,12261,Red,12351
12253,Test 12252,Test,#FFF,Test,12262,Red,12352
12254,Test 12253,Test,#FFF,Test,12263,Red,12353
12255,Test 12254,Test,#FFF,Test,12264,Red,12354
12256,Test 12255,Test,#FFF,Test,12265,Red,12355
12257,Test 12256,Test,#FFF,Test,12266,Red,12356
12258,Test 12257,Test,#FFF,Test,12267,Red,12357
12259,Test 12258,Test,#FFF,Test,12268,Red,12358
12260,Test 12259,Test,#FFF,Test,12269,Red,12359
12261,Test 12260,Test,#FFF,Test,12270,Red,12360
12262,Test 12261,Test,#FFF,Test,12271,Red,12361
12263,Test 12262,Test,#FFF,Test,12272,Red,12362
12264,Test 12263,Test,#FFF,Test,12273,Red,12363
12265,Test 12264,Test,#FFF,Test,12274,Red,12364
12266,Test 12265,Test,#FFF,Test,12275,Red,12365
12267,Test 12266,Test,#FFF,Test,12276,Red,12366
12268,Test 12267,Test,#FFF,Test,12277,Red,12367
12269,Test 12268,Test,#FFF,Test,12278,Red,12368
12270,Test 12269,Test,#FFF,Test,12279,Red,12369
12271,Test 12270,Test,#FFF,Test,12280,Red,12370
12272,Test 12271,Test,#FFF,Test,12281,Red,12371
12273,Test 12272,Test,#FFF,Test,12282,Red,12372
12274,Test 12273,Test,#FFF,Test,12283,Red,12373
12275,Test 12274,Test,#FFF,Test,12284,Red,12374
12276,Test 12275,Test,#FFF,Test,12285,Red,12375
12277,Test 12276,Test,#FFF,Test,12286,Red,12376
12278,Test 12277,Test,#FFF,Test,12287,Red,12377
12279,Test 12278,Test,#FFF,Test,12288,Red,12378
12280,Test 12279,Test,#FFF,Test,12289,Red,12379
12281,Test 12280,Test,#FFF,Test,12290,Red,12380
12282,Test 12281,Test,#FFF,Test,12291,Red,12381
12283,Test 12282,Test,#FFF,Test,12292,Red,12382
12284,Test 12283,Test,#FFF,Test,12293,Red,12383
12285,Test 12284,Test,#FFF,Test,12294,Red,12384
12286,Test 12285,Test,#FFF,Test,12295,Red,12385
12287,Test 12286,Test,#FFF,Test,12296,Red,12386
12288,Test 12287,Test,#FFF,Test,12297,Red,12387
12289,Test 12288,Test,#FFF,Test,12298,Red,12388
12290,Test 12289,Test,#FFF,Test,12299,Red,12389
12291,Test 12290,Test,#FFF,Test,12300,Red,12390
12292,Test 12291,Test,#FFF,Test,12301,Red,12391
12293,Test 12292,Test,#FFF,Test,12302,Red,12392
12294,Test 12293,Test,#FFF,Test,12303,Red,12393
12295,Test 12294,Test,#FFF,Test,12304,Red,12394
12296,Test 12295,Test,#FFF,Test,12305,Red,12395
12297,Test 12296,Test,#FFF,Test,12306,Red,12396
12298,Test 12297,Test,#FFF,Test,12307,Red,12397
12299,Test 12298,Test,#FFF,Test,12308,Red,12398
12300,Test 12299,Test,#FFF,Test,12309,Red,12399
